0.1 8.307014011957765e-14
0.2 1.467306347688649e-12
0.30000000000000004 2.4533457300627494e-11
0.4 4.0889014316333116e-10
0.5 6.8121364813555224e-09
0.6 1.1310727233106622e-07
0.7000000000000001 1.7815363459428385e-06
0.8 1.747646886170205e-05
0.9 6.288171278097801e-05
1.0 0.00012569800943350542
1.1 0.00019588903843064686
1.2000000000000002 0.00026974538206518033
1.3000000000000003 0.00034572734984319336
1.4000000000000001 0.0004230796898433951
1.5000000000000002 0.000501382914024121
1.6 0.0005803820513184672
1.7000000000000002 0.0006599113516226586
1.8000000000000003 0.0007398573464245939
1.9000000000000001 0.0008201391160415006
2.0 0.0009006970120112727
2.1 0.0009814858494787118
2.2 0.0010624706082635218
2.3000000000000003 0.001143623613551662
2.4000000000000004 0.0012249226265964265
2.5000000000000004 0.0013063495154890489
2.6 0.0013878893072921529
2.7 0.001469529497750726
2.8000000000000003 0.0015512595391517954
2.9000000000000004 0.0016330704540167681
3.0000000000000004 0.0017149545393586043
3.1 0.0017969051372294144
3.2 0.0018789164545345894
3.3000000000000003 0.001960983419971094
3.4000000000000004 0.002043101569294701
3.5000000000000004 0.002125266952454897
3.6 0.0022074760577901107
3.7 0.0022897257496626404
3.8000000000000003 0.002372013216777412
3.9000000000000004 0.00245433592906515
4.0 0.0025366916014842584
4.1 0.0026190781634532383
4.2 0.002701493732895876
4.3 0.0027839365940898076
4.3999999999999995 0.0028664051786698253
4.5 0.0029488980492625117
4.6 0.003031413885327193
4.7 0.0031139514708563415
4.8 0.003196509683650137
4.9 0.003279087485929926
5.0 0.0033616839160951397
